144
99 126 3 100 2208333 2
99 80 3 100 2208333 2
99 43 3 100 2208333 2
66 126 3 100 2208333 2
66 80 3 100 2208333 2
66 43 3 100 2208333 2
17 126 3 100 2208333 2
17 80 3 100 2208333 2
17 43 3 100 2208333 2
70 126 3 100 2208333 2
70 80 3 100 2208333 2
70 43 3 100 2208333 2
89 126 3 100 2208333 2
89 80 3 100 2208333 2
89 43 3 100 2208333 2
4 126 3 100 2208333 2
4 80 3 100 2208333 2
4 43 3 100 2208333 2
91 126 3 100 2208333 2
91 80 3 100 2208333 2
91 43 3 100 2208333 2
51 126 3 100 2208333 2
51 80 3 100 2208333 2
51 43 3 100 2208333 2
27 126 3 100 2208333 2
27 80 3 100 2208333 2
27 43 3 100 2208333 2
81 126 3 100 2208333 2
81 80 3 100 2208333 2
81 43 3 100 2208333 2
101 126 3 100 2208333 2
101 80 3 100 2208333 2
101 43 3 100 2208333 2
112 126 3 100 2208333 2
112 80 3 100 2208333 2
112 43 3 100 2208333 2
82 19 3 100 2208333 2
82 143 3 100 2208333 2
82 98 3 100 2208333 2
43 19 3 100 2208333 2
43 143 3 100 2208333 2
43 98 3 100 2208333 2
87 19 3 100 2208333 2
87 143 3 100 2208333 2
87 98 3 100 2208333 2
55 19 3 100 2208333 2
55 143 3 100 2208333 2
55 98 3 100 2208333 2
62 19 3 100 2208333 2
62 143 3 100 2208333 2
62 98 3 100 2208333 2
55 19 3 100 2208333 2
55 143 3 100 2208333 2
55 98 3 100 2208333 2
9 19 3 100 2208333 2
9 143 3 100 2208333 2
9 98 3 100 2208333 2
99 19 3 100 2208333 2
99 143 3 100 2208333 2
99 98 3 100 2208333 2
118 19 3 100 2208333 2
118 143 3 100 2208333 2
118 98 3 100 2208333 2
116 19 3 100 2208333 2
116 143 3 100 2208333 2
116 98 3 100 2208333 2
83 19 3 100 2208333 2
83 143 3 100 2208333 2
83 98 3 100 2208333 2
39 19 3 100 2208333 2
39 143 3 100 2208333 2
39 98 3 100 2208333 2
95 110 3 100 2208333 2
95 1 3 100 2208333 2
95 139 3 100 2208333 2
94 110 3 100 2208333 2
94 1 3 100 2208333 2
94 139 3 100 2208333 2
52 110 3 100 2208333 2
52 1 3 100 2208333 2
52 139 3 100 2208333 2
91 110 3 100 2208333 2
91 1 3 100 2208333 2
91 139 3 100 2208333 2
54 110 3 100 2208333 2
54 1 3 100 2208333 2
54 139 3 100 2208333 2
39 110 3 100 2208333 2
39 1 3 100 2208333 2
39 139 3 100 2208333 2
61 110 3 100 2208333 2
61 1 3 100 2208333 2
61 139 3 100 2208333 2
47 110 3 100 2208333 2
47 1 3 100 2208333 2
47 139 3 100 2208333 2
67 110 3 100 2208333 2
67 1 3 100 2208333 2
67 139 3 100 2208333 2
131 110 3 100 2208333 2
131 1 3 100 2208333 2
131 139 3 100 2208333 2
58 110 3 100 2208333 2
58 1 3 100 2208333 2
58 139 3 100 2208333 2
31 110 3 100 2208333 2
31 1 3 100 2208333 2
31 139 3 100 2208333 2
80 48 3 100 2208333 2
80 102 3 100 2208333 2
80 4 3 100 2208333 2
43 48 3 100 2208333 2
43 102 3 100 2208333 2
43 4 3 100 2208333 2
133 48 3 100 2208333 2
133 102 3 100 2208333 2
133 4 3 100 2208333 2
117 48 3 100 2208333 2
117 102 3 100 2208333 2
117 4 3 100 2208333 2
70 48 3 100 2208333 2
70 102 3 100 2208333 2
70 4 3 100 2208333 2
65 48 3 100 2208333 2
65 102 3 100 2208333 2
65 4 3 100 2208333 2
26 48 3 100 2208333 2
26 102 3 100 2208333 2
26 4 3 100 2208333 2
74 48 3 100 2208333 2
74 102 3 100 2208333 2
74 4 3 100 2208333 2
37 48 3 100 2208333 2
37 102 3 100 2208333 2
37 4 3 100 2208333 2
98 48 3 100 2208333 2
98 102 3 100 2208333 2
98 4 3 100 2208333 2
110 48 3 100 2208333 2
110 102 3 100 2208333 2
110 4 3 100 2208333 2
64 48 3 100 2208333 2
64 102 3 100 2208333 2
64 4 3 100 2208333 2
