144
7 11 3 100 4416666 2
7 99 3 100 4416666 2
7 49 3 100 4416666 2
7 77 3 100 4416666 2
7 24 3 100 4416666 2
7 62 3 100 4416666 2
70 11 3 100 4416666 2
70 99 3 100 4416666 2
70 49 3 100 4416666 2
70 77 3 100 4416666 2
70 24 3 100 4416666 2
70 62 3 100 4416666 2
119 11 3 100 4416666 2
119 99 3 100 4416666 2
119 49 3 100 4416666 2
119 77 3 100 4416666 2
119 24 3 100 4416666 2
119 62 3 100 4416666 2
109 11 3 100 4416666 2
109 99 3 100 4416666 2
109 49 3 100 4416666 2
109 77 3 100 4416666 2
109 24 3 100 4416666 2
109 62 3 100 4416666 2
41 11 3 100 4416666 2
41 99 3 100 4416666 2
41 49 3 100 4416666 2
41 77 3 100 4416666 2
41 24 3 100 4416666 2
41 62 3 100 4416666 2
82 11 3 100 4416666 2
82 99 3 100 4416666 2
82 49 3 100 4416666 2
82 77 3 100 4416666 2
82 24 3 100 4416666 2
82 62 3 100 4416666 2
135 11 3 100 4416666 2
135 99 3 100 4416666 2
135 49 3 100 4416666 2
135 77 3 100 4416666 2
135 24 3 100 4416666 2
135 62 3 100 4416666 2
31 11 3 100 4416666 2
31 99 3 100 4416666 2
31 49 3 100 4416666 2
31 77 3 100 4416666 2
31 24 3 100 4416666 2
31 62 3 100 4416666 2
2 11 3 100 4416666 2
2 99 3 100 4416666 2
2 49 3 100 4416666 2
2 77 3 100 4416666 2
2 24 3 100 4416666 2
2 62 3 100 4416666 2
93 11 3 100 4416666 2
93 99 3 100 4416666 2
93 49 3 100 4416666 2
93 77 3 100 4416666 2
93 24 3 100 4416666 2
93 62 3 100 4416666 2
81 11 3 100 4416666 2
81 99 3 100 4416666 2
81 49 3 100 4416666 2
81 77 3 100 4416666 2
81 24 3 100 4416666 2
81 62 3 100 4416666 2
33 11 3 100 4416666 2
33 99 3 100 4416666 2
33 49 3 100 4416666 2
33 77 3 100 4416666 2
33 24 3 100 4416666 2
33 62 3 100 4416666 2
124 11 3 100 4416666 2
124 99 3 100 4416666 2
124 49 3 100 4416666 2
124 77 3 100 4416666 2
124 24 3 100 4416666 2
124 62 3 100 4416666 2
85 11 3 100 4416666 2
85 99 3 100 4416666 2
85 49 3 100 4416666 2
85 77 3 100 4416666 2
85 24 3 100 4416666 2
85 62 3 100 4416666 2
31 11 3 100 4416666 2
31 99 3 100 4416666 2
31 49 3 100 4416666 2
31 77 3 100 4416666 2
31 24 3 100 4416666 2
31 62 3 100 4416666 2
92 11 3 100 4416666 2
92 99 3 100 4416666 2
92 49 3 100 4416666 2
92 77 3 100 4416666 2
92 24 3 100 4416666 2
92 62 3 100 4416666 2
128 11 3 100 4416666 2
128 99 3 100 4416666 2
128 49 3 100 4416666 2
128 77 3 100 4416666 2
128 24 3 100 4416666 2
128 62 3 100 4416666 2
86 11 3 100 4416666 2
86 99 3 100 4416666 2
86 49 3 100 4416666 2
86 77 3 100 4416666 2
86 24 3 100 4416666 2
86 62 3 100 4416666 2
38 11 3 100 4416666 2
38 99 3 100 4416666 2
38 49 3 100 4416666 2
38 77 3 100 4416666 2
38 24 3 100 4416666 2
38 62 3 100 4416666 2
68 11 3 100 4416666 2
68 99 3 100 4416666 2
68 49 3 100 4416666 2
68 77 3 100 4416666 2
68 24 3 100 4416666 2
68 62 3 100 4416666 2
126 11 3 100 4416666 2
126 99 3 100 4416666 2
126 49 3 100 4416666 2
126 77 3 100 4416666 2
126 24 3 100 4416666 2
126 62 3 100 4416666 2
5 11 3 100 4416666 2
5 99 3 100 4416666 2
5 49 3 100 4416666 2
5 77 3 100 4416666 2
5 24 3 100 4416666 2
5 62 3 100 4416666 2
28 11 3 100 4416666 2
28 99 3 100 4416666 2
28 49 3 100 4416666 2
28 77 3 100 4416666 2
28 24 3 100 4416666 2
28 62 3 100 4416666 2
142 11 3 100 4416666 2
142 99 3 100 4416666 2
142 49 3 100 4416666 2
142 77 3 100 4416666 2
142 24 3 100 4416666 2
142 62 3 100 4416666 2
