0b000301 0b000101 10000 100 6625000 2000000000 1619580 142900
0b000a01 0b000101 10000 100 6625000 2000000000 3947505 142900
0b000501 0b000101 10000 100 6625000 2000000000 4267770 142900
0b000901 0b000101 10000 100 6625000 2000000000 4271166 142900
0b000401 0b000101 10000 100 6625000 2000000000 4289270 142900
0b000c01 0b000101 10000 100 6625000 2000000000 4322172 142900
0b000801 0b000101 10000 100 6625000 2000000000 4322994 142900
0b000b01 0b000101 10000 100 6625000 2000000000 4378046 142900
0b000701 0b000101 10000 100 6625000 2000000000 4434626 142900
0b000d01 0b000101 10000 100 6625000 2000000000 4439425 142900
0b000201 0b000101 10000 100 6625000 2000000000 4488914 142900
0b000601 0b000101 10000 100 6625000 2000000000 4489234 142900
