2000017320 8 0 1 1
2000017320 10 0 1 1
2000017320 12 0 1 1
2000017340 4 0 1 1
2000017340 5 0 1 1
2000017340 7 0 1 1
2000017596 9 0 1 1
2000017722 3 0 1 1
2000019218 6 0 1 1
2000021838 13 0 1 1
2000021901 2 0 1 1
2000022003 11 0 1 1
2000025960 11 0 1 0
2000026240 13 0 1 0
2000026260 2 0 1 0
2000027060 6 0 1 0
2000032040 3 0 1 0
2000032160 9 0 1 0
2000032620 8 0 1 0
2000033280 5 0 1 0
2000033980 4 0 1 0
2000034040 7 0 1 0
2000035820 12 0 1 0
2000037460 10 0 1 0
2001125673 4 0 1 1
2001125802 10 0 1 1
2001126053 7 0 1 1
2001126388 12 0 1 1
2001126422 5 0 1 1
2001128056 13 0 1 1
2001128672 11 0 1 1
2001129937 2 0 1 1
2001130562 6 0 1 1
2001134173 9 0 1 1
2001134723 8 0 1 1
2001135834 12 0 1 0
2001135854 5 0 1 0
2001136174 7 0 1 0
2001136594 4 0 1 0
2001136614 10 0 1 0
2001140524 10 0 1 1
2001140539 4 0 1 1
2001140570 12 0 1 1
2001140672 7 0 1 1
2001140754 5 0 1 1
2001145474 12 0 1 0
2001145494 5 0 1 0
2001145514 7 0 1 0
2001145674 4 0 1 0
2001145874 10 0 1 0
2001146814 13 0 1 0
2001149479 13 0 1 1
2001149521 4 0 1 1
2001149568 10 0 1 1
2001149673 7 0 1 1
2001149766 5 0 1 1
2001149766 12 0 1 1
2001150094 11 0 1 0
2001152587 11 0 1 1
2001156574 7 0 1 0
2001156734 12 0 1 0
2001156894 5 0 1 0
2001157314 2 0 1 0
2001157334 4 0 1 0
2001157414 10 0 1 0
2001159936 2 0 1 1
2001160268 7 0 1 1
2001160369 12 0 1 1
2001160402 5 0 1 1
2001160474 10 0 1 1
2001160502 4 0 1 1
2001161334 6 0 1 0
2001161474 13 0 1 0
2001163882 6 0 1 1
2001164044 13 0 1 1
2001164534 11 0 1 0
2001165854 5 0 1 0
2001165874 7 0 1 0
2001166094 12 0 1 0
2001166294 4 0 1 0
2001166554 10 0 1 0
2001167454 11 0 1 1
2001169278 5 0 1 1
2001169298 7 0 1 1
2001169304 12 0 1 1
2001169324 4 0 1 1
2001169358 10 0 1 1
2001174314 2 0 1 0
2001174834 7 0 1 0
2001174954 12 0 1 0
2001174994 5 0 1 0
2001175174 4 0 1 0
2001175294 10 0 1 0
2001175414 13 0 1 0
2001176334 6 0 1 0
2001177303 2 0 1 1
2001178214 13 0 1 1
2001178501 3 0 1 1
2001178754 6 0 1 1
2001179647 10 0 1 1
2001180014 11 0 1 0
2001180632 4 0 1 1
2001183014 10 0 1 0
2001183263 11 0 1 1
2001183354 9 0 1 0
2001183674 4 0 1 0
2001184974 13 0 1 0
2001185574 8 0 1 0
2001186034 2 0 1 0
2001186248 9 0 1 1
2001186774 6 0 1 0
2001188224 8 0 1 1
2001188398 13 0 1 1
2001188922 2 0 1 1
2001189574 6 0 1 1
2001190234 11 0 1 0
2001193694 11 0 1 1
2001194514 13 0 1 0
2001196034 2 0 1 0
2001196114 9 0 1 0
2001196534 6 0 1 0
2001197914 8 0 1 0
2001198234 11 0 1 0
2001199106 9 0 1 1
2001199203 13 0 1 1
2001199801 2 0 1 1
2001199973 6 0 1 1
2001200662 8 0 1 1
2001202214 11 0 1 1
2001203594 13 0 1 0
2001204854 2 0 1 0
2001205134 6 0 1 0
2001205774 11 0 1 0
2001207114 9 0 1 0
2001208254 8 0 1 0
2001209974 2 0 1 1
2001209995 6 0 1 1
2001210675 9 0 1 1
2001211769 8 0 1 1
2001213685 11 0 1 1
2001214114 2 0 1 0
2001214614 6 0 1 0
2001216094 11 0 1 0
2001216994 9 0 1 0
2001217914 8 0 1 0
2001222026 9 0 1 1
2001222587 8 0 1 1
2001226394 9 0 1 0
2001226854 8 0 1 0
2001235495 8 0 1 1
2001238134 8 0 1 0
2001316734 3 0 1 0
2001393301 3 0 1 1
2001408014 3 0 1 0
2002456594 13 0 1 1
2002463755 13 0 1 0
2002467599 13 0 1 1
2002472155 13 0 1 0
2002478875 13 0 1 1
2002481955 13 0 1 0
