48
0 1 3 100 1048576 2
1 0 3 100 1048576 2
2 3 3 100 1048576 2
3 2 3 100 1048576 2
4 5 3 100 1048576 2
5 4 3 100 1048576 2
6 7 3 100 1048576 2
7 6 3 100 1048576 2
0 2 3 100 524288 3
2 0 3 100 524288 3
1 3 3 100 524288 3
3 1 3 100 524288 3
4 6 3 100 524288 3
6 4 3 100 524288 3
5 7 3 100 524288 3
7 5 3 100 524288 3
0 4 3 100 262144 4
4 0 3 100 262144 4
1 5 3 100 262144 4
5 1 3 100 262144 4
2 6 3 100 262144 4
6 2 3 100 262144 4
3 7 3 100 262144 4
7 3 3 100 262144 4
0 4 3 100 262144 5
4 0 3 100 262144 5
1 5 3 100 262144 5
5 1 3 100 262144 5
2 6 3 100 262144 5
6 2 3 100 262144 5
3 7 3 100 262144 5
7 3 3 100 262144 5
0 2 3 100 524288 6
2 0 3 100 524288 6
1 3 3 100 524288 6
3 1 3 100 524288 6
4 6 3 100 524288 6
6 4 3 100 524288 6
5 7 3 100 524288 6
7 5 3 100 524288 6
0 1 3 100 1048576 7
1 0 3 100 1048576 7
2 3 3 100 1048576 7
3 2 3 100 1048576 7
4 5 3 100 1048576 7
5 4 3 100 1048576 7
6 7 3 100 1048576 7
7 6 3 100 1048576 7
