0b000101 0b000001 10000 100 1048576 2000000000 418909 356296
0b000001 0b000101 10000 100 1048576 2000000000 418909 356296
0b000301 0b000201 10000 100 1048576 2000000000 418909 356296
0b000201 0b000301 10000 100 1048576 2000000000 418909 356296
0b000501 0b000401 10000 100 1048576 2000000000 418909 356296
0b000401 0b000501 10000 100 1048576 2000000000 418909 356296
0b000701 0b000601 10000 100 1048576 2000000000 418909 356296
0b000601 0b000701 10000 100 1048576 2000000000 418909 356296
0b000001 0b000201 10000 100 524288 3000000000 211374 180476
0b000201 0b000001 10000 100 524288 3000000000 211374 180476
0b000101 0b000301 10000 100 524288 3000000000 211374 180476
0b000301 0b000101 10000 100 524288 3000000000 211374 180476
0b000401 0b000601 10000 100 524288 3000000000 211374 180476
0b000601 0b000401 10000 100 524288 3000000000 211374 180476
0b000501 0b000701 10000 100 524288 3000000000 211374 180476
0b000701 0b000501 10000 100 524288 3000000000 211374 180476
