52
13 310 3 100 11000000 2.001192497
60 310 3 100 11000000 2.001192497
302 310 3 100 11000000 2.001192497
106 310 3 100 11000000 2.001192497
75 203 3 100 11000000 2.001875817
275 203 3 100 11000000 2.001875817
96 203 3 100 11000000 2.001875817
191 203 3 100 11000000 2.001875817
170 158 3 100 11000000 2.005795377
130 158 3 100 11000000 2.005795377
150 158 3 100 11000000 2.005795377
299 158 3 100 11000000 2.005795377
293 311 3 100 11000000 2.010977602
203 311 3 100 11000000 2.010977602
256 311 3 100 11000000 2.010977602
107 311 3 100 11000000 2.010977602
185 239 3 100 11000000 2.013711763
166 239 3 100 11000000 2.013711763
254 239 3 100 11000000 2.013711763
123 239 3 100 11000000 2.013711763
255 0 3 100 11000000 2.033621759
174 0 3 100 11000000 2.033621759
156 0 3 100 11000000 2.033621759
314 0 3 100 11000000 2.033621759
38 246 3 100 11000000 2.038289187
69 246 3 100 11000000 2.038289187
276 246 3 100 11000000 2.038289187
281 246 3 100 11000000 2.038289187
42 308 3 100 11000000 2.054578138
151 308 3 100 11000000 2.054578138
319 308 3 100 11000000 2.054578138
0 308 3 100 11000000 2.054578138
126 250 3 100 11000000 2.063915792
80 250 3 100 11000000 2.063915792
247 250 3 100 11000000 2.063915792
312 250 3 100 11000000 2.063915792
239 261 3 100 11000000 2.068704073
136 261 3 100 11000000 2.068704073
288 261 3 100 11000000 2.068704073
181 261 3 100 11000000 2.068704073
52 88 3 100 11000000 2.077816020
271 88 3 100 11000000 2.077816020
7 88 3 100 11000000 2.077816020
207 88 3 100 11000000 2.077816020
235 302 3 100 11000000 2.078716870
278 302 3 100 11000000 2.078716870
165 302 3 100 11000000 2.078716870
54 302 3 100 11000000 2.078716870
206 286 3 100 11000000 2.083657736
239 286 3 100 11000000 2.083657736
83 286 3 100 11000000 2.083657736
136 286 3 100 11000000 2.083657736
