8 5415.8573125
12 6383.250305555556
16 7133.07371875
20 6970.65652
24 8716.077895833334
8 5096.585875
12 6280.574472222222
16 7095.4653125
20 5980.809429999999
16 7293.06390625
16 7478.985859375
16 7889.45128125
16 7200.781140625
16 6940.916578125
16 7592.4731875
16 7242.5275625
16 6935.887875
16 7301.663859375
16 7169.40478125
16 7456.759234375
16 7271.85303125
16 7319.343234375
16 6779.011625
8 3346.4410625
12 4097.961833333334
16 5256.88271875
20 6505.34519
24 7887.804590277778
16 8024.752515625
16 7598.14296875
16 6294.400859375
16 7942.715796875
16 7722.394859375
16 7687.384296875
16 7456.442140625
16 7377.787234375
8 5473.0350625
16 7070.354765625
16 7200.58221875
