79 0
79 0
129 0
79 0
129 0
129 0
82 0
82 0
31 0
11 0
31 0
82 0
31 0
11 0
49 0
31 0
31 0
141 0
11 0
11 0
11 0
31 0
82 0
11 0
31 0
11 0
49 0
49 0
102 0
31 0
50 0
31 0
100 0
50 0
50 0
119 0
45 0
13 0
114 0
45 0
112 0
114 0
50 0
7 0
100 0
7 0
119 0
50 0
18 0
77 0
7 0
77 0
18 0
7 0
20 0
108 0
88 0
48 0
50 0
112 0
112 0
20 0
13 0
131 0
108 0
131 0
96 0
131 0
77 0
108 0
40 0
7 0
53 0
48 0
96 0
96 0
53 0
7 0
88 0
96 0
48 0
77 0
108 0
96 0
48 0
131 0
95 0
32 0
96 0
96 0
53 0
95 0
53 0
6 0
41 0
32 0
137 0
70 0
28 0
96 0
40 0
95 0
92 0
14 0
6 0
123 0
92 0
30 0
6 0
96 0
6 0
123 0
21 0
28 0
32 0
69 0
28 0
40 0
53 0
111 0
40 0
32 0
123 0
66 0
21 0
21 0
76 0
52 0
28 0
28 0
70 0
6 0
111 0
62 0
123 0
6 0
41 0
32 0
39 0
25 0
66 0
30 0
123 0
92 0
52 0
28 0
32 0
12 0
41 0
62 0
34 0
95 0
69 0
70 0
38 0
59 0
28 0
14 0
6 0
38 0
70 0
111 0
6 0
105 0
92 0
86 0
76 0
34 0
62 0
111 0
12 0
30 0
105 0
118 0
111 0
59 0
55 0
59 0
104 0
86 0
12 0
86 0
124 0
12 0
105 0
30 0
111 0
14 0
86 0
39 0
54 0
118 0
30 0
105 0
59 0
60 0
34 0
62 0
55 0
27 0
27 0
62 0
86 0
140 0
124 0
44 0
118 0
12 0
34 0
105 0
55 0
118 0
94 0
44 0
101 0
98 0
84 0
98 0
59 0
55 0
73 0
124 0
12 0
27 0
84 0
73 0
99 0
84 0
130 0
105 0
140 0
55 0
51 0
124 0
94 0
51 0
101 0
73 0
130 0
140 0
99 0
29 0
44 0
51 0
94 0
118 0
55 0
94 0
130 0
58 0
46 0
130 0
138 0
55 0
73 0
2 0
2 0
27 0
46 0
113 0
80 0
58 0
68 0
29 0
2 0
68 0
130 0
73 0
120 0
27 0
2 0
29 0
8 0
19 0
89 0
113 0
98 0
29 0
73 0
84 0
2 0
2 0
61 0
64 0
84 0
113 0
29 0
29 0
8 0
24 0
57 0
130 0
130 0
107 0
51 0
58 0
120 0
135 0
16 0
120 0
36 0
135 0
16 0
90 0
56 0
64 0
58 0
63 0
56 0
64 0
16 0
80 0
84 0
127 0
80 0
56 0
56 0
90 0
46 0
56 0
71 0
80 0
46 0
136 0
127 0
80 0
36 0
2 0
85 0
46 0
57 0
80 0
127 0
58 0
71 0
80 0
85 0
61 0
43 0
127 0
56 0
57 0
128 0
2 0
19 0
8 0
89 0
80 0
43 0
67 0
127 0
115 0
63 0
10 0
139 0
136 0
91 0
64 0
16 0
46 0
19 0
10 0
2 0
57 0
57 0
127 0
68 0
128 0
91 0
80 0
61 0
43 0
128 0
9 0
61 0
67 0
16 0
128 0
64 0
61 0
91 0
9 0
78 0
56 0
91 0
16 0
63 0
56 0
64 0
81 0
57 0
81 0
16 0
110 0
109 0
109 0
132 0
110 0
16 0
81 0
109 0
128 0
74 0
110 0
67 0
63 0
127 0
134 0
57 0
10 0
63 0
110 0
85 0
110 0
63 0
56 0
43 0
132 0
109 0
83 0
93 0
91 0
10 0
67 0
93 0
67 0
78 0
127 0
9 0
43 0
23 0
81 0
122 0
43 0
67 0
4 0
127 0
128 0
22 0
122 0
134 0
103 0
127 0
74 0
110 0
91 0
109 0
47 0
78 0
72 0
47 0
15 0
83 0
103 0
78 0
93 0
10 0
10 0
72 0
93 0
74 0
103 0
143 0
72 0
47 0
65 0
109 0
74 0
47 0
93 0
132 0
75 0
75 0
133 0
75 0
122 0
93 0
93 0
143 0
143 0
47 0
143 0
83 0
93 0
143 0
72 0
47 0
75 0
4 0
143 0
97 0
83 0
65 0
47 0
132 0
15 0
134 0
110 0
15 0
122 0
106 0
97 0
15 0
47 0
47 0
110 0
83 0
33 0
93 0
47 0
22 0
1 0
97 0
122 0
75 0
47 0
75 0
65 0
83 0
103 0
33 0
125 0
97 0
1 0
35 0
133 0
125 0
133 0
121 0
47 0
121 0
47 0
83 0
1 0
75 0
126 0
83 0
106 0
35 0
93 0
125 0
47 0
3 0
133 0
75 0
3 0
4 0
97 0
35 0
126 0
65 0
4 0
33 0
1 0
35 0
3 0
75 0
97 0
35 0
97 0
97 0
0 0
126 0
97 0
35 0
75 0
1 0
126 0
65 0
3 0
0 0
35 0
26 0
35 0
35 0
121 0
126 0
1 0
126 0
121 0
126 0
3 0
35 0
1 0
142 0
35 0
3 0
116 0
121 0
126 0
42 0
35 0
42 0
116 0
116 0
42 0
42 0
116 0
42 0
116 0
116 0
42 0
116 0
116 0
116 0
142 0
116 0
87 0
87 0
87 0
87 0
87 0
87 0
17 0
17 0
17 0
17 0
17 0
17 0
17 0
112 0
114 0
131 0
13 0
112 0
117 0
141 0
112 0
131 0
119 0
119 0
114 0
119 0
112 0
141 0
5 0
41 0
40 0
32 0
41 0
119 0
140 0
38 0
44 0
14 0
7 0
131 0
76 0
13 0
34 0
34 0
44 0
44 0
114 0
113 0
7 0
5 0
7 0
70 0
8 0
8 0
8 0
8 0
14 0
8 0
9 0
73 0
10 0
76 0
64 0
76 0
70 0
6 0
64 0
20 0
14 0
129 0
124 0
21 0
28 0
31 0
117 0
45 0
20 0
13 0
141 0
27 0
25 0
11 0
27 0
79 0
38 0
21 0
24 0
13 0
113 0
18 0
21 0
45 0
112 0
24 0
14 0
13 0
14 0
49 0
119 0
112 0
6 0
138 0
50 0
50 0
117 0
34 0
12 0
112 0
131 0
117 0
32 0
77 0
41 0
2 0
36 0
6 0
71 0
8 0
36 0
123 0
77 0
77 0
41 0
2 0
66 0
137 0
59 0
55 0
60 0
62 0
76 0
62 0
55 0
69 0
60 0
31 0
67 0
120 0
117 0
78 0
31 0
20 0
20 0
137 0
18 0
72 0
11 0
123 0
18 0
66 0
43 0
46 0
18 0
30 0
30 0
115 0
79 0
79 0
61 0
137 0
3 0
57 0
43 0
76 0
127 0
68 0
56 0
48 0
20 0
129 0
51 0
30 0
120 0
53 0
72 0
140 0
52 0
79 0
79 0
18 0
19 0
18 0
60 0
49 0
18 0
79 0
21 0
20 0
49 0
28 0
11 0
129 0
55 0
46 0
129 0
59 0
79 0
27 0
66 0
73 0
11 0
137 0
58 0
13 0
79 0
11 0
76 0
5 0
11 0
71 0
76 0
5 0
11 0
64 0
5 0
48 0
57 0
69 0
45 0
49 0
137 0
5 0
56 0
5 0
45 0
13 0
64 0
76 0
45 0
112 0
137 0
7 0
52 0
19 0
141 0
67 0
68 0
67 0
71 0
78 0
64 0
21 0
14 0
141 0
77 0
131 0
141 0
24 0
50 0
15 0
49 0
14 0
124 0
62 0
49 0
69 0
114 0
41 0
13 0
119 0
114 0
138 0
28 0
117 0
41 0
114 0
6 0
114 0
141 0
41 0
41 0
49 0
32 0
32 0
6 0
114 0
11 0
119 0
137 0
119 0
14 0
53 0
49 0
114 0
59 0
77 0
66 0
119 0
60 0
45 0
123 0
141 0
11 0
129 0
112 0
14 0
39 0
8 0
45 0
79 0
12 0
6 0
137 0
50 0
21 0
51 0
41 0
59 0
79 0
51 0
66 0
39 0
119 0
131 0
40 0
34 0
77 0
17 0
140 0
13 0
66 0
29 0
140 0
29 0
137 0
50 0
141 0
60 0
4 0
38 0
131 0
102 0
48 0
135 0
36 0
127 0
32 0
5 0
38 0
7 0
120 0
118 0
4 0
30 0
4 0
138 0
117 0
140 0
66 0
66 0
66 0
76 0
28 0
38 0
38 0
141 0
57 0
137 0
8 0
74 0
20 0
141 0
18 0
4 0
68 0
68 0
70 0
141 0
114 0
119 0
54 0
60 0
140 0
44 0
55 0
40 0
119 0
112 0
63 0
129 0
8 0
51 0
46 0
77 0
18 0
38 0
51 0
115 0
45 0
31 0
141 0
46 0
140 0
130 0
140 0
124 0
56 0
63 0
30 0
79 0
114 0
139 0
39 0
30 0
65 0
65 0
67 0
2 0
78 0
58 0
53 0
9 0
56 0
61 0
119 0
138 0
56 0
140 0
52 0
127 0
54 0
68 0
64 0
40 0
27 0
27 0
141 0
44 0
18 0
18 0
131 0
67 0
29 0
32 0
59 0
34 0
8 0
30 0
28 0
24 0
73 0
27 0
20 0
73 0
127 0
20 0
21 0
52 0
123 0
141 0
140 0
79 0
60 0
58 0
117 0
53 0
138 0
73 0
117 0
130 0
41 0
29 0
138 0
117 0
18 0
30 0
41 0
51 0
52 0
61 0
131 0
16 0
30 0
73 0
18 0
64 0
141 0
61 0
58 0
60 0
137 0
113 0
138 0
141 0
25 0
65 0
123 0
123 0
114 0
7 0
34 0
117 0
47 0
119 0
119 0
112 0
130 0
26 0
30 0
32 0
66 0
139 0
137 0
31 0
61 0
112 0
56 0
72 0
56 0
119 0
96 0
123 0
68 0
43 0
60 0
67 0
31 0
60 0
52 0
47 0
25 0
68 0
8 0
112 0
57 0
74 0
119 0
139 0
124 0
137 0
101 0
101 0
119 0
24 0
129 0
99 0
29 0
124 0
114 0
124 0
111 0
61 0
98 0
34 0
129 0
129 0
38 0
129 0
124 0
141 0
39 0
20 0
10 0
123 0
128 0
74 0
129 0
141 0
112 0
40 0
120 0
115 0
112 0
117 0
135 0
122 0
23 0
123 0
2 0
117 0
132 0
130 0
112 0
124 0
123 0
118 0
63 0
138 0
118 0
119 0
109 0
21 0
18 0
18 0
38 0
38 0
103 0
104 0
122 0
39 0
18 0
47 0
112 0
123 0
119 0
21 0
122 0
24 0
141 0
110 0
139 0
18 0
140 0
73 0
20 0
21 0
120 0
117 0
129 0
124 0
117 0
47 0
28 0
77 0
64 0
97 0
115 0
126 0
77 0
17 0
129 0
128 0
46 0
114 0
123 0
124 0
67 0
101 0
127 0
11 0
124 0
15 0
35 0
139 0
47 0
30 0
37 0
70 0
137 0
101 0
41 0
41 0
11 0
37 0
30 0
25 0
75 0
76 0
31 0
75 0
137 0
76 0
141 0
55 0
140 0
105 0
2 0
140 0
98 0
66 0
27 0
97 0
141 0
66 0
25 0
131 0
5 0
35 0
24 0
131 0
131 0
112 0
131 0
25 0
140 0
114 0
20 0
138 0
29 0
137 0
114 0
18 0
27 0
137 0
138 0
20 0
138 0
27 0
78 0
139 0
77 0
13 0
130 0
76 0
114 0
53 0
137 0
131 0
18 0
137 0
73 0
114 0
73 0
112 0
112 0
114 0
58 0
119 0
115 0
12 0
66 0
40 0
122 0
79 0
51 0
141 0
19 0
49 0
34 0
138 0
134 0
114 0
68 0
19 0
135 0
41 0
6 0
124 0
73 0
131 0
23 0
114 0
130 0
132 0
119 0
73 0
130 0
137 0
18 0
6 0
11 0
123 0
128 0
64 0
15 0
112 0
125 0
113 0
37 0
30 0
25 0
54 0
34 0
34 0
72 0
30 0
73 0
78 0
34 0
12 0
46 0
117 0
23 0
69 0
124 0
38 0
38 0
18 0
114 0
137 0
72 0
114 0
48 0
27 0
20 0
40 0
40 0
137 0
118 0
131 0
126 0
137 0
76 0
32 0
140 0
44 0
12 0
123 0
124 0
21 0
138 0
113 0
17 0
41 0
37 0
124 0
115 0
128 0
53 0
70 0
49 0
45 0
47 0
5 0
2 0
123 0
123 0
131 0
130 0
120 0
75 0
39 0
70 0
9 0
130 0
34 0
143 0
17 0
43 0
30 0
1 0
113 0
130 0
136 0
45 0
9 0
51 0
118 0
5 0
58 0
17 0
53 0
117 0
54 0
60 0
128 0
129 0
130 0
128 0
6 0
140 0
136 0
40 0
41 0
10 0
55 0
58 0
62 0
118 0
73 0
54 0
54 0
4 0
68 0
135 0
102 0
113 0
27 0
32 0
57 0
136 0
51 0
54 0
100 0
60 0
41 0
1 0
130 0
130 0
135 0
134 0
118 0
120 0
49 0
127 0
115 0
129 0
71 0
67 0
40 0
136 0
40 0
116 0
39 0
124 0
39 0
116 0
33 0
54 0
12 0
141 0
49 0
38 0
79 0
45 0
129 0
56 0
49 0
8 0
56 0
115 0
41 0
108 0
0 0
74 0
45 0
136 0
68 0
49 0
50 0
32 0
74 0
100 0
34 0
77 0
132 0
33 0
136 0
45 0
75 0
31 0
129 0
47 0
16 0
67 0
77 0
48 0
44 0
32 0
134 0
39 0
45 0
118 0
44 0
104 0
129 0
43 0
79 0
120 0
129 0
10 0
44 0
5 0
5 0
129 0
40 0
75 0
44 0
131 0
46 0
123 0
11 0
117 0
129 0
39 0
36 0
141 0
44 0
55 0
51 0
118 0
115 0
20 0
20 0
141 0
105 0
36 0
44 0
49 0
38 0
12 0
102 0
135 0
48 0
65 0
124 0
45 0
119 0
48 0
36 0
127 0
130 0
5 0
29 0
75 0
20 0
141 0
32 0
41 0
44 0
13 0
119 0
96 0
45 0
69 0
120 0
53 0
66 0
55 0
98 0
52 0
141 0
40 0
6 0
70 0
69 0
49 0
36 0
112 0
57 0
37 0
18 0
118 0
12 0
5 0
119 0
141 0
107 0
40 0
13 0
45 0
35 0
53 0
54 0
119 0
141 0
114 0
62 0
119 0
117 0
127 0
137 0
135 0
7 0
136 0
43 0
115 0
43 0
13 0
54 0
102 0
135 0
114 0
140 0
37 0
131 0
117 0
5 0
53 0
114 0
104 0
117 0
7 0
111 0
101 0
7 0
101 0
7 0
66 0
112 0
12 0
36 0
76 0
140 0
48 0
6 0
54 0
114 0
2 0
13 0
14 0
50 0
49 0
137 0
45 0
119 0
117 0
5 0
112 0
123 0
8 0
49 0
129 0
69 0
6 0
59 0
52 0
131 0
134 0
64 0
8 0
136 0
13 0
30 0
117 0
9 0
13 0
123 0
20 0
54 0
25 0
60 0
59 0
40 0
48 0
69 0
66 0
41 0
99 0
68 0
53 0
73 0
112 0
50 0
55 0
51 0
117 0
31 0
48 0
5 0
113 0
40 0
31 0
123 0
57 0
137 0
118 0
101 0
58 0
115 0
40 0
32 0
64 0
71 0
124 0
112 0
14 0
102 0
3 0
120 0
3 0
29 0
114 0
78 0
18 0
100 0
73 0
18 0
23 0
114 0
124 0
1 0
74 0
31 0
1 0
39 0
58 0
98 0
39 0
61 0
107 0
32 0
7 0
76 0
69 0
39 0
137 0
53 0
0 0
69 0
7 0
123 0
72 0
30 0
137 0
136 0
70 0
136 0
1 0
128 0
57 0
6 0
69 0
28 0
112 0
127 0
115 0
75 0
58 0
28 0
104 0
61 0
124 0
69 0
141 0
58 0
6 0
76 0
39 0
53 0
105 0
14 0
71 0
34 0
129 0
130 0
137 0
76 0
138 0
16 0
40 0
21 0
16 0
124 0
23 0
131 0
50 0
103 0
123 0
140 0
14 0
49 0
34 0
70 0
25 0
13 0
7 0
76 0
132 0
142 0
39 0
141 0
101 0
41 0
106 0
27 0
31 0
48 0
102 0
52 0
98 0
52 0
50 0
111 0
105 0
99 0
99 0
61 0
32 0
67 0
59 0
9 0
141 0
98 0
118 0
54 0
138 0
45 0
79 0
39 0
2 0
71 0
7 0
114 0
58 0
27 0
118 0
27 0
130 0
18 0
130 0
112 0
38 0
128 0
117 0
142 0
8 0
2 0
111 0
134 0
79 0
19 0
118 0
49 0
6 0
2 0
26 0
63 0
122 0
123 0
2 0
45 0
114 0
38 0
130 0
56 0
75 0
34 0
79 0
111 0
34 0
36 0
74 0
140 0
75 0
26 0
70 0
54 0
43 0
108 0
135 0
100 0
10 0
136 0
38 0
6 0
52 0
10 0
48 0
12 0
137 0
44 0
137 0
137 0
14 0
114 0
12 0
42 0
140 0
50 0
9 0
7 0
52 0
119 0
127 0
39 0
130 0
131 0
138 0
59 0
59 0
45 0
24 0
23 0
110 0
50 0
96 0
56 0
110 0
21 0
140 0
28 0
54 0
17 0
60 0
131 0
29 0
32 0
140 0
103 0
44 0
15 0
34 0
48 0
18 0
64 0
61 0
63 0
77 0
130 0
60 0
41 0
6 0
21 0
59 0
109 0
78 0
131 0
42 0
115 0
44 0
36 0
108 0
73 0
25 0
46 0
73 0
25 0
59 0
48 0
102 0
106 0
50 0
14 0
96 0
98 0
64 0
103 0
19 0
46 0
113 0
74 0
25 0
19 0
48 0
96 0
59 0
16 0
50 0
33 0
51 0
48 0
101 0
53 0
46 0
52 0
58 0
38 0
4 0
62 0
50 0
55 0
130 0
46 0
61 0
36 0
135 0
68 0
62 0
98 0
43 0
137 0
102 0
22 0
32 0
21 0
25 0
71 0
64 0
74 0
31 0
19 0
5 0
31 0
19 0
78 0
72 0
0 0
30 0
30 0
34 0
36 0
17 0
50 0
16 0
123 0
54 0
67 0
39 0
45 0
51 0
138 0
112 0
119 0
52 0
57 0
24 0
6 0
123 0
79 0
119 0
27 0
5 0
21 0
136 0
42 0
25 0
102 0
142 0
60 0
63 0
13 0
60 0
96 0
112 0
114 0
1 0
34 0
139 0
47 0
72 0
79 0
29 0
57 0
132 0
77 0
33 0
112 0
18 0
41 0
37 0
53 0
124 0
52 0
74 0
40 0
7 0
32 0
56 0
7 0
114 0
69 0
130 0
134 0
119 0
118 0
79 0
24 0
31 0
112 0
25 0
52 0
141 0
133 0
35 0
56 0
62 0
8 0
55 0
61 0
39 0
132 0
7 0
62 0
9 0
60 0
0 0
19 0
77 0
141 0
16 0
96 0
140 0
8 0
36 0
42 0
108 0
79 0
77 0
142 0
69 0
53 0
61 0
54 0
20 0
60 0
118 0
54 0
115 0
114 0
55 0
123 0
53 0
34 0
28 0
32 0
119 0
21 0
79 0
139 0
19 0
22 0
62 0
139 0
77 0
9 0
69 0
79 0
42 0
59 0
10 0
79 0
69 0
52 0
66 0
19 0
112 0
135 0
102 0
29 0
70 0
135 0
100 0
25 0
40 0
108 0
19 0
70 0
70 0
46 0
51 0
119 0
44 0
129 0
58 0
58 0
55 0
10 0
59 0
118 0
12 0
53 0
60 0
7 0
66 0
128 0
20 0
60 0
14 0
30 0
26 0
52 0
20 0
51 0
60 0
24 0
7 0
51 0
136 0
20 0
16 0
32 0
16 0
66 0
38 0
17 0
136 0
124 0
76 0
23 0
32 0
24 0
54 0
26 0
35 0
12 0
130 0
38 0
117 0
123 0
51 0
117 0
124 0
135 0
5 0
62 0
120 0
46 0
127 0
122 0
63 0
98 0
3 0
76 0
51 0
61 0
51 0
79 0
135 0
61 0
139 0
21 0
32 0
133 0
57 0
101 0
112 0
140 0
58 0
103 0
28 0
25 0
63 0
59 0
108 0
20 0
98 0
58 0
113 0
113 0
41 0
78 0
58 0
115 0
63 0
98 0
39 0
19 0
8 0
39 0
55 0
135 0
55 0
117 0
45 0
43 0
11 0
139 0
49 0
52 0
45 0
2 0
117 0
34 0
27 0
21 0
134 0
120 0
68 0
125 0
125 0
134 0
29 0
51 0
22 0
39 0
13 0
115 0
130 0
52 0
108 0
61 0
126 0
27 0
123 0
118 0
54 0
118 0
44 0
25 0
55 0
54 0
38 0
130 0
53 0
59 0
71 0
117 0
123 0
77 0
25 0
44 0
67 0
58 0
16 0
21 0
113 0
47 0
120 0
30 0
24 0
64 0
25 0
71 0
71 0
50 0
96 0
71 0
78 0
64 0
129 0
11 0
58 0
28 0
21 0
62 0
30 0
9 0
71 0
11 0
35 0
40 0
42 0
120 0
41 0
141 0
61 0
40 0
124 0
38 0
77 0
57 0
11 0
49 0
40 0
7 0
124 0
68 0
27 0
136 0
118 0
21 0
27 0
76 0
77 0
5 0
36 0
16 0
73 0
46 0
45 0
18 0
104 0
25 0
113 0
120 0
21 0
18 0
113 0
68 0
67 0
40 0
27 0
120 0
23 0
47 0
47 0
18 0
38 0
49 0
112 0
34 0
78 0
128 0
139 0
101 0
17 0
127 0
29 0
65 0
65 0
75 0
136 0
76 0
64 0
55 0
27 0
98 0
70 0
142 0
20 0
116 0
50 0
105 0
16 0
118 0
131 0
102 0
44 0
29 0
36 0
50 0
13 0
35 0
115 0
119 0
124 0
112 0
136 0
44 0
126 0
115 0
113 0
120 0
115 0
77 0
100 0
20 0
122 0
115 0
6 0
113 0
46 0
124 0
21 0
115 0
13 0
36 0
19 0
45 0
38 0
46 0
22 0
43 0
16 0
76 0
65 0
52 0
79 0
64 0
70 0
140 0
23 0
66 0
76 0
6 0
6 0
29 0
120 0
43 0
118 0
118 0
46 0
135 0
21 0
12 0
137 0
14 0
30 0
75 0
112 0
112 0
140 0
131 0
114 0
130 0
96 0
33 0
114 0
46 0
48 0
48 0
104 0
141 0
119 0
108 0
20 0
140 0
26 0
55 0
99 0
123 0
119 0
77 0
14 0
51 0
69 0
13 0
50 0
123 0
2 0
76 0
63 0
117 0
4 0
5 0
14 0
117 0
9 0
42 0
15 0
14 0
38 0
127 0
57 0
131 0
114 0
70 0
27 0
117 0
76 0
100 0
131 0
14 0
114 0
69 0
118 0
12 0
129 0
47 0
45 0
40 0
111 0
28 0
77 0
116 0
1 0
60 0
66 0
113 0
108 0
125 0
64 0
2 0
117 0
9 0
20 0
117 0
135 0
102 0
18 0
8 0
7 0
24 0
66 0
130 0
12 0
1 0
38 0
2 0
60 0
30 0
1 0
101 0
25 0
6 0
102 0
100 0
30 0
114 0
123 0
60 0
123 0
117 0
73 0
78 0
11 0
22 0
99 0
11 0
96 0
41 0
60 0
102 0
127 0
78 0
137 0
105 0
64 0
74 0
40 0
52 0
41 0
135 0
40 0
130 0
39 0
41 0
40 0
78 0
3 0
140 0
12 0
100 0
124 0
100 0
39 0
72 0
14 0
39 0
4 0
6 0
24 0
23 0
135 0
126 0
27 0
59 0
115 0
55 0
62 0
135 0
6 0
118 0
7 0
123 0
140 0
71 0
39 0
113 0
39 0
67 0
131 0
30 0
108 0
113 0
104 0
107 0
54 0
137 0
18 0
7 0
131 0
132 0
59 0
125 0
130 0
31 0
76 0
51 0
136 0
125 0
114 0
60 0
20 0
20 0
58 0
129 0
20 0
51 0
78 0
74 0
114 0
46 0
66 0
20 0
54 0
18 0
72 0
44 0
55 0
51 0
107 0
113 0
34 0
7 0
115 0
21 0
70 0
124 0
100 0
58 0
58 0
56 0
12 0
118 0
73 0
10 0
2 0
77 0
96 0
97 0
5 0
9 0
36 0
136 0
114 0
124 0
115 0
108 0
131 0
101 0
63 0
15 0
134 0
22 0
25 0
33 0
25 0
140 0
28 0
133 0
41 0
130 0
115 0
127 0
25 0
117 0
140 0
21 0
108 0
108 0
26 0
42 0
20 0
111 0
104 0
127 0
27 0
41 0
37 0
111 0
28 0
28 0
48 0
29 0
135 0
48 0
48 0
8 0
19 0
53 0
122 0
135 0
25 0
136 0
127 0
138 0
20 0
0 0
138 0
30 0
1 0
22 0
138 0
138 0
103 0
121 0
127 0
27 0
111 0
18 0
104 0
55 0
102 0
124 0
79 0
20 0
111 0
72 0
126 0
20 0
121 0
49 0
20 0
99 0
135 0
51 0
19 0
44 0
60 0
107 0
65 0
124 0
38 0
30 0
21 0
105 0
21 0
117 0
115 0
31 0
77 0
111 0
31 0
19 0
21 0
22 0
1 0
125 0
72 0
17 0
63 0
113 0
135 0
29 0
125 0
143 0
45 0
45 0
45 0
50 0
62 0
22 0
121 0
126 0
110 0
130 0
131 0
77 0
137 0
52 0
69 0
131 0
127 0
131 0
99 0
131 0
62 0
97 0
139 0
70 0
41 0
16 0
70 0
131 0
123 0
30 0
66 0
79 0
140 0
19 0
25 0
50 0
30 0
40 0
41 0
68 0
48 0
39 0
39 0
54 0
21 0
54 0
140 0
41 0
66 0
16 0
113 0
66 0
107 0
45 0
131 0
22 0
135 0
79 0
32 0
44 0
44 0
44 0
30 0
25 0
27 0
138 0
32 0
62 0
62 0
0 0
53 0
40 0
129 0
57 0
52 0
104 0
44 0
139 0
129 0
118 0
52 0
28 0
16 0
64 0
135 0
38 0
68 0
45 0
17 0
16 0
79 0
32 0
53 0
60 0
41 0
45 0
62 0
49 0
67 0
69 0
79 0
140 0
67 0
28 0
28 0
77 0
129 0
24 0
23 0
57 0
36 0
96 0
130 0
46 0
40 0
38 0
40 0
33 0
129 0
11 0
76 0
72 0
116 0
140 0
22 0
68 0
31 0
56 0
40 0
21 0
35 0
136 0
70 0
72 0
74 0
46 0
3 0
37 0
37 0
78 0
130 0
124 0
34 0
129 0
96 0
100 0
104 0
116 0
102 0
61 0
136 0
70 0
70 0
76 0
61 0
66 0
76 0
102 0
102 0
111 0
20 0
45 0
45 0
140 0
31 0
79 0
143 0
70 0
13 0
11 0
108 0
132 0
45 0
75 0
50 0
136 0
40 0
54 0
134 0
104 0
37 0
111 0
141 0
21 0
141 0
113 0
104 0
73 0
119 0
77 0
102 0
102 0
108 0
5 0
141 0
71 0
122 0
111 0
111 0
111 0
33 0
70 0
100 0
105 0
105 0
100 0
53 0
106 0
102 0
100 0
18 0
31 0
100 0
108 0
99 0
108 0
102 0
105 0
112 0
98 0
96 0
104 0
53 0
28 0
100 0
111 0
101 0
137 0
108 0
40 0
138 0
45 0
141 0
76 0
14 0
137 0
69 0
122 0
122 0
55 0
76 0
66 0
69 0
34 0
24 0
48 0
64 0
20 0
128 0
65 0
77 0
71 0
64 0
21 0
96 0
101 0
74 0
74 0
26 0
31 0
141 0
77 0
100 0
23 0
43 0
76 0
117 0
68 0
117 0
66 0
34 0
21 0
18 0
70 0
70 0
30 0
69 0
31 0
128 0
40 0
28 0
38 0
112 0
44 0
120 0
66 0
26 0
143 0
133 0
69 0
135 0
22 0
108 0
39 0
45 0
28 0
8 0
73 0
62 0
109 0
28 0
7 0
101 0
21 0
40 0
136 0
19 0
137 0
13 0
143 0
98 0
28 0
30 0
54 0
32 0
46 0
73 0
62 0
69 0
58 0
59 0
65 0
52 0
45 0
137 0
70 0
60 0
77 0
71 0
30 0
142 0
70 0
138 0
28 0
46 0
76 0
28 0
102 0
15 0
3 0
20 0
133 0
43 0
68 0
128 0
113 0
43 0
69 0
29 0
50 0
43 0
73 0
138 0
77 0
40 0
140 0
130 0
61 0
122 0
8 0
46 0
29 0
104 0
133 0
21 0
138 0
108 0
96 0
70 0
104 0
60 0
61 0
30 0
43 0
36 0
101 0
3 0
79 0
71 0
82 0
54 0
3 0
134 0
36 0
73 0
63 0
143 0
16 0
105 0
78 0
72 0
108 0
28 0
140 0
20 0
72 0
132 0
108 0
118 0
98 0
143 0
42 0
4 0
33 0
41 0
27 0
128 0
18 0
107 0
122 0
109 0
23 0
109 0
21 0
97 0
69 0
42 0
118 0
68 0
61 0
19 0
22 0
128 0
120 0
68 0
111 0
111 0
30 0
101 0
139 0
19 0
24 0
31 0
25 0
24 0
28 0
31 0
50 0
49 0
28 0
22 0
36 0
140 0
31 0
133 0
27 0
42 0
104 0
7 0
106 0
106 0
128 0
17 0
73 0
49 0
25 0
30 0
52 0
17 0
95 0
139 0
20 0
24 0
18 0
77 0
20 0
5 0
50 0
51 0
28 0
125 0
8 0
28 0
12 0
28 0
28 0
50 0
21 0
26 0
95 0
19 0
48 0
25 0
50 0
50 0
137 0
86 0
33 0
99 0
31 0
29 0
92 0
57 0
143 0
128 0
134 0
50 0
70 0
69 0
77 0
20 0
107 0
121 0
131 0
96 0
101 0
41 0
126 0
2 0
66 0
88 0
22 0
69 0
122 0
98 0
70 0
121 0
73 0
105 0
108 0
138 0
107 0
99 0
99 0
84 0
115 0
53 0
133 0
96 0
82 0
53 0
66 0
44 0
125 0
121 0
128 0
6 0
48 0
132 0
84 0
48 0
60 0
48 0
54 0
60 0
89 0
60 0
59 0
110 0
62 0
48 0
32 0
132 0
104 0
107 0
68 0
125 0
95 0
42 0
27 0
47 0
86 0
90 0
61 0
59 0
57 0
127 0
84 0
65 0
125 0
36 0
27 0
86 0
86 0
56 0
5 0
18 0
39 0
31 0
132 0
5 0
18 0
20 0
13 0
49 0
126 0
52 0
36 0
7 0
53 0
103 0
54 0
59 0
21 0
52 0
28 0
13 0
30 0
94 0
116 0
30 0
18 0
16 0
102 0
60 0
100 0
80 0
59 0
134 0
27 0
85 0
90 0
13 0
85 0
81 0
29 0
74 0
45 0
86 0
86 0
5 0
16 0
100 0
33 0
134 0
25 0
30 0
91 0
82 0
92 0
45 0
116 0
100 0
116 0
5 0
5 0
82 0
7 0
17 0
7 0
94 0
77 0
80 0
112 0
22 0
82 0
100 0
109 0
75 0
26 0
18 0
11 0
95 0
5 0
123 0
126 0
5 0
68 0
84 0
49 0
51 0
134 0
49 0
48 0
33 0
95 0
83 0
126 0
7 0
17 0
112 0
117 0
114 0
82 0
60 0
82 0
6 0
49 0
35 0
11 0
112 0
6 0
91 0
50 0
13 0
98 0
90 0
94 0
13 0
90 0
98 0
102 0
91 0
102 0
62 0
53 0
96 0
13 0
17 0
66 0
100 0
69 0
12 0
98 0
115 0
134 0
101 0
99 0
116 0
53 0
48 0
32 0
55 0
60 0
134 0
76 0
101 0
89 0
96 0
123 0
66 0
20 0
13 0
82 0
125 0
90 0
73 0
39 0
134 0
51 0
82 0
118 0
82 0
82 0
8 0
38 0
72 0
102 0
5 0
11 0
108 0
51 0
58 0
2 0
6 0
100 0
7 0
5 0
48 0
104 0
13 0
126 0
52 0
13 0
12 0
132 0
54 0
117 0
35 0
61 0
31 0
10 0
82 0
4 0
82 0
44 0
129 0
99 0
126 0
39 0
54 0
36 0
51 0
98 0
102 0
102 0
19 0
105 0
7 0
100 0
59 0
15 0
52 0
57 0
63 0
108 0
118 0
117 0
46 0
113 0
27 0
108 0
13 0
129 0
107 0
25 0
55 0
31 0
10 0
118 0
30 0
53 0
54 0
98 0
111 0
62 0
140 0
105 0
95 0
16 0
113 0
102 0
17 0
139 0
102 0
31 0
52 0
77 0
17 0
35 0
60 0
119 0
46 0
47 0
64 0
124 0
1 0
51 0
54 0
14 0
107 0
129 0
141 0
62 0
0 0
12 0
49 0
102 0
100 0
119 0
17 0
92 0
99 0
102 0
139 0
102 0
102 0
49 0
50 0
49 0
88 0
97 0
102 0
107 0
143 0
119 0
108 0
2 0
17 0
18 0
17 0
100 0
56 0
88 0
40 0
133 0
61 0
100 0
29 0
116 0
23 0
131 0
115 0
119 0
53 0
100 0
45 0
48 0
116 0
31 0
84 0
17 0
94 0
114 0
100 0
119 0
122 0
63 0
137 0
102 0
50 0
86 0
32 0
45 0
100 0
99 0
137 0
37 0
49 0
101 0
99 0
99 0
88 0
141 0
94 0
17 0
96 0
133 0
40 0
17 0
143 0
31 0
80 0
84 0
85 0
89 0
50 0
92 0
94 0
133 0
143 0
29 0
122 0
100 0
141 0
79 0
112 0
94 0
100 0
84 0
96 0
91 0
104 0
89 0
40 0
108 0
17 0
17 0
122 0
97 0
104 0
50 0
17 0
32 0
35 0
52 0
48 0
48 0
50 0
17 0
88 0
53 0
97 0
108 0
60 0
96 0
111 0
129 0
119 0
31 0
41 0
97 0
60 0
42 0
76 0
123 0
30 0
75 0
92 0
99 0
131 0
51 0
54 0
128 0
113 0
41 0
143 0
54 0
44 0
91 0
105 0
112 0
95 0
17 0
118 0
60 0
96 0
114 0
112 0
30 0
48 0
96 0
109 0
137 0
108 0
131 0
105 0
131 0
133 0
110 0
91 0
52 0
87 0
34 0
107 0
101 0
48 0
129 0
45 0
62 0
104 0
79 0
92 0
64 0
11 0
11 0
9 0
117 0
34 0
99 0
129 0
5 0
7 0
123 0
79 0
39 0
79 0
111 0
49 0
137 0
13 0
27 0
20 0
123 0
127 0
123 0
31 0
46 0
102 0
133 0
64 0
77 0
11 0
118 0
40 0
31 0
92 0
79 0
32 0
128 0
50 0
141 0
79 0
9 0
131 0
69 0
76 0
49 0
69 0
132 0
66 0
131 0
131 0
129 0
70 0
21 0
116 0
66 0
28 0
104 0
11 0
48 0
129 0
53 0
69 0
76 0
54 0
59 0
96 0
70 0
9 0
69 0
70 0
104 0
82 0
129 0
32 0
104 0
105 0
32 0
70 0
32 0
127 0
32 0
48 0
2 0
43 0
70 0
30 0
51 0
70 0
40 0
7 0
79 0
39 0
129 0
48 0
49 0
17 0
28 0
45 0
101 0
129 0
114 0
58 0
34 0
101 0
39 0
52 0
32 0
77 0
122 0
72 0
101 0
20 0
52 0
112 0
5 0
39 0
53 0
134 0
54 0
27 0
51 0
111 0
44 0
102 0
77 0
45 0
34 0
141 0
77 0
21 0
102 0
54 0
29 0
102 0
96 0
17 0
24 0
129 0
13 0
64 0
70 0
40 0
114 0
59 0
119 0
11 0
7 0
69 0
23 0
60 0
141 0
55 0
6 0
66 0
23 0
111 0
52 0
7 0
69 0
11 0
13 0
77 0
44 0
55 0
101 0
29 0
50 0
140 0
66 0
102 0
100 0
98 0
41 0
138 0
76 0
140 0
18 0
41 0
88 0
105 0
24 0
5 0
102 0
123 0
95 0
68 0
14 0
100 0
16 0
119 0
142 0
5 0
48 0
31 0
57 0
24 0
7 0
77 0
98 0
79 0
5 0
107 0
107 0
76 0
142 0
108 0
41 0
132 0
14 0
108 0
77 0
6 0
5 0
142 0
99 0
105 0
131 0
39 0
104 0
112 0
11 0
88 0
57 0
70 0
19 0
79 0
95 0
134 0
119 0
66 0
66 0
88 0
108 0
142 0
116 0
142 0
70 0
76 0
98 0
53 0
73 0
14 0
32 0
141 0
7 0
71 0
103 0
2 0
124 0
2 0
32 0
137 0
45 0
25 0
15 0
97 0
14 0
26 0
13 0
14 0
118 0
112 0
7 0
44 0
70 0
13 0
69 0
5 0
17 0
45 0
3 0
131 0
76 0
20 0
80 0
123 0
142 0
86 0
123 0
77 0
6 0
76 0
140 0
127 0
137 0
134 0
84 0
12 0
90 0
138 0
34 0
8 0
31 0
36 0
71 0
14 0
49 0
14 0
66 0
82 0
87 0
40 0
143 0
17 0
89 0
122 0
14 0
131 0
15 0
49 0
92 0
119 0
100 0
102 0
120 0
31 0
17 0
56 0
110 0
50 0
121 0
74 0
50 0
126 0
49 0
121 0
53 0
126 0
49 0
49 0
133 0
5 0
0 0
121 0
116 0
49 0
102 0
122 0
5 0
37 0
65 0
142 0
45 0
48 0
37 0
42 0
67 0
60 0
48 0
102 0
112 0
54 0
5 0
119 0
7 0
77 0
53 0
96 0
18 0
125 0
11 0
108 0
18 0
59 0
96 0
61 0
48 0
59 0
119 0
62 0
54 0
95 0
121 0
125 0
126 0
138 0
41 0
6 0
133 0
100 0
102 0
6 0
88 0
88 0
142 0
14 0
95 0
4 0
52 0
50 0
96 0
32 0
15 0
142 0
31 0
70 0
92 0
4 0
119 0
52 0
11 0
100 0
62 0
108 0
12 0
48 0
100 0
21 0
130 0
41 0
127 0
32 0
121 0
48 0
48 0
25 0
67 0
70 0
7 0
5 0
5 0
70 0
66 0
142 0
67 0
95 0
84 0
108 0
53 0
45 0
116 0
116 0
123 0
27 0
96 0
92 0
4 0
86 0
124 0
118 0
42 0
60 0
56 0
117 0
18 0
95 0
44 0
0 0
5 0
11 0
133 0
142 0
13 0
21 0
27 0
36 0
29 0
102 0
59 0
108 0
47 0
67 0
67 0
6 0
97 0
13 0
26 0
96 0
13 0
111 0
111 0
82 0
82 0
82 0
23 0
104 0
100 0
82 0
105 0
108 0
82 0
92 0
11 0
105 0
142 0
121 0
107 0
121 0
142 0
17 0
95 0
3 0
88 0
42 0
86 0
95 0
74 0
88 0
19 0
92 0
33 0
92 0
24 0
33 0
92 0
100 0
88 0
86 0
49 0
92 0
94 0
86 0
50 0
22 0
49 0
47 0
100 0
53 0
49 0
95 0
95 0
95 0
100 0
96 0
50 0
124 0
108 0
96 0
33 0
96 0
87 0
113 0
74 0
82 0
47 0
26 0
33 0
1 0
125 0
26 0
3 0
88 0
1 0
90 0
3 0
82 0
90 0
88 0
103 0
126 0
87 0
72 0
107 0
23 0
95 0
106 0
87 0
0 0
100 0
100 0
92 0
72 0
121 0
0 0
0 0
95 0
106 0
95 0
87 0
111 0
100 0
96 0
15 0
37 0
121 0
82 0
82 0
15 0
82 0
17 0
82 0
92 0
35 0
81 0
17 0
37 0
82 0
88 0
126 0
82 0
106 0
82 0
37 0
95 0
82 0
92 0
4 0
88 0
88 0
88 0
92 0
82 0
87 0
97 0
83 0
3 0
85 0
139 0
0 0
81 0
26 0
0 0
106 0
128 0
116 0
103 0
87 0
120 0
87 0
65 0
79 0
87 0
75 0
100 0
100 0
65 0
65 0
65 0
75 0
75 0
42 0
88 0
139 0
97 0
103 0
106 0
88 0
110 0
69 0
73 0
102 0
88 0
91 0
31 0
97 0
29 0
17 0
17 0
17 0
20 0
114 0
114 0
129 0
45 0
49 0
26 0
18 0
114 0
40 0
49 0
82 0
100 0
96 0
102 0
87 0
47 0
5 0
11 0
49 0
11 0
31 0
126 0
60 0
40 0
88 0
15 0
32 0
33 0
126 0
129 0
77 0
54 0
41 0
76 0
62 0
123 0
129 0
25 0
102 0
55 0
42 0
13 0
114 0
20 0
31 0
69 0
88 0
126 0
141 0
79 0
70 0
114 0
45 0
102 0
40 0
7 0
25 0
119 0
141 0
76 0
13 0
108 0
13 0
35 0
4 0
66 0
69 0
100 0
31 0
111 0
82 0
37 0
34 0
18 0
77 0
32 0
27 0
4 0
77 0
38 0
50 0
34 0
119 0
42 0
12 0
70 0
52 0
69 0
18 0
132 0
77 0
113 0
50 0
100 0
13 0
113 0
50 0
66 0
25 0
50 0
48 0
20 0
50 0
17 0
92 0
112 0
21 0
49 0
66 0
17 0
137 0
11 0
66 0
112 0
13 0
141 0
5 0
48 0
131 0
7 0
69 0
123 0
114 0
45 0
117 0
100 0
20 0
68 0
31 0
31 0
41 0
13 0
21 0
11 0
50 0
53 0
41 0
71 0
112 0
66 0
43 0
25 0
111 0
28 0
131 0
32 0
26 0
137 0
59 0
50 0
18 0
39 0
139 0
18 0
53 0
25 0
123 0
141 0
26 0
117 0
124 0
141 0
19 0
117 0
21 0
47 0
33 0
116 0
3 0
33 0
88 0
37 0
88 0
97 0
118 0
35 0
35 0
42 0
11 0
0 0
13 0
7 0
11 0
7 0
4 0
8 0
17 0
14 0
6 0
6 0
14 0
88 0
89 0
0 0
9 0
142 0
47 0
140 0
19 0
142 0
142 0
1 0
71 0
5 0
115 0
82 0
82 0
95 0
138 0
74 0
78 0
82 0
88 0
88 0
72 0
95 0
72 0
67 0
75 0
135 0
87 0
130 0
26 0
122 0
135 0
139 0
82 0
82 0
125 0
82 0
121 0
121 0
125 0
126 0
132 0
87 0
82 0
82 0
17 0
88 0
82 0
82 0
136 0
68 0
87 0
37 0
82 0
116 0
82 0
88 0
88 0
87 0
35 0
82 0
88 0
35 0
87 0
87 0
71 0
42 0
78 0
132 0
132 0
65 0
82 0
75 0
134 0
87 0
87 0
142 0
15 0
4 0
1 0
1 0
1 0
0 0
