0.2 9931.321964285715 8.776601695528159 14.985031602482069
0.4 6906.1201574074075 11.433498334894953 9.445689828016397
0.6 4495.178356060606 12.92721461095105 5.848468224618309
0.8 3290.3930897435894 14.330660630190481 4.39553815422087512 322.755775 10.60117778853963 43.43078887906474
12 272.35364899999996 15.916999588106394 26.73743244028593
12 272.35364899999996 15.916999588106394 26.73743244028593
12 258.149986 20.39678009621649 27.987385410953536
12 244.496823 21.91230103667228 27.20232187167671
12 232.182907375 24.97940538907611 31.025018551892295
12 205.3588436 22.6614720131584 31.81943539630836
